
143
Ind_0	0.0000000000	0.4275054666	0.4257108129	0.4770149393	0.4726907759	0.4753780072	0.4795925004	0.4505683088	0.4692408317	0.4672229352	0.4668278611	0.4558303446	0.4722073589	0.4543762449	0.4769009738	0.4747486306	0.4261729742	0.4232960294	0.4225457845	0.4385285805	0.4603670214	0.4633241386	0.4699050536	0.4710802545	0.4707054074	0.4537325238	0.4553554779	0.4715449440	0.4577558088	0.4665198331	0.4717063832	0.4578757507	0.4613843930	0.4500326423	0.4647980161	0.4597987675	0.4666830889	0.4686150906	0.4507921291	0.4435981782	0.4378064597	0.4693187870	0.4683385662	0.4730760643	0.4137429279	0.4575744589	0.4595017270	0.4657266517	0.4442472252	0.4618211521	0.4684525966	0.4472559941	0.4665866568	0.4646545877	0.4735689193	0.4637207425	0.4666335282	0.4616783159	0.4675733143	0.4677063230	0.4620481586	0.4782490742	0.4540069089	0.4289806554	0.4490361687	0.4683893745	0.4654023374	0.4520067016	0.4674635126	0.4741734683	0.4155526717	0.4616661926	0.4671702713	0.4677579965	0.4371314313	0.4755219636	0.4452083964	0.4335126027	0.4689336553	0.4453985195	0.4808369944	0.4765301431	0.4701822135	0.4717843657	0.4763986662	0.4718959063	0.4756733895	0.4784508015	0.4826570738	0.4694457341	0.4736803177	0.4654812334	0.4621144955	0.4639431380	0.4406000286	0.4787524657	0.4717941400	0.4711589915	0.4709362526	0.4580663397	0.4629997647	0.4714532381	0.4611152142	0.4729718537	0.4659934728	0.4654434184	0.4624443893	0.4602467742	0.4643177902	0.4730368946	0.4683879450	0.4682015509	0.4724538499	0.4679360162	0.4621654935	0.4724729267	0.4661957195	0.4783972110	0.4764358261	0.4675245846	0.4691526183	0.4734076706	0.4418198317	0.4379080735	0.4573197897	0.4435400131	0.4423751661	0.4843841893	0.4676662902	0.4791878303	0.4662589635	0.4714514829	0.4672787935	0.4701744931	0.4651767754	0.4563487466	0.4684129904	0.4686598984	0.4602999677	0.4587297562	0.4475618665	0.4792624892	0.4451013077
Ind_1	0.4275054666	0.0000000000	0.4068694178	0.4720185349	0.4679402780	0.4705911127	0.4677143313	0.4486388368	0.4563668315	0.4585188317	0.4595406541	0.4436606747	0.4608775369	0.4609677916	0.4651272267	0.4651321262	0.4093937343	0.4436749581	0.4361534768	0.4526623978	0.4462261323	0.4740330597	0.4670899657	0.4643714439	0.4618557362	0.4641497180	0.4482893993	0.4646171591	0.4505691983	0.4604421294	0.4630748741	0.4547510118	0.4639117395	0.4550198493	0.4563170108	0.4587893559	0.4641531010	0.4567216347	0.4470411768	0.4396208785	0.4342248552	0.4607166698	0.4670854059	0.4585177063	0.4152714005	0.4558700193	0.4574579171	0.4645019703	0.4323009345	0.4581531379	0.4643656537	0.4390206013	0.4542825886	0.4550347221	0.4629202972	0.4573580741	0.4532387105	0.4604648476	0.4596535441	0.4671056221	0.4617466897	0.4604003583	0.4380974650	0.4320295755	0.4536378152	0.4584754960	0.4713856580	0.4532885940	0.4559044270	0.4633138649	0.4177133532	0.4662285553	0.4540560343	0.4695625626	0.4342412178	0.4634492560	0.4458555272	0.4335137789	0.4737550229	0.4512179550	0.4705678848	0.4715242202	0.4656703604	0.4704483384	0.4724343068	0.4553982295	0.4705145835	0.4733017717	0.4743215832	0.4637488704	0.4690334569	0.4636957794	0.4685970591	0.4628916023	0.4429896870	0.4746501728	0.4699625140	0.4815392656	0.4739102422	0.4536504316	0.4619637473	0.4600895448	0.4560471942	0.4612449894	0.4442885274	0.4659221106	0.4592448562	0.4608874041	0.4665637786	0.4656780934	0.4587891138	0.4512995808	0.4648874986	0.4556047197	0.4551145093	0.4710847324	0.4616811764	0.4765528222	0.4735135838	0.4642501610	0.4589722005	0.4643163029	0.4436279838	0.4391536299	0.4614750833	0.4297525055	0.4371075239	0.4781146155	0.4657048600	0.4767325678	0.4626995413	0.4661489838	0.4662903913	0.4677711088	0.4602955256	0.4559071515	0.4704855451	0.4695380390	0.4622539132	0.4583093494	0.4569946787	0.4714788234	0.4495225534
Ind_2	0.4257108129	0.4068694178	0.0000000000	0.4698240210	0.4763706580	0.4768573974	0.4694581814	0.4515748668	0.4595747411	0.4624903517	0.4549304432	0.4433966646	0.4692691508	0.4641378609	0.4627091706	0.4679359202	0.4159966430	0.4419438141	0.4374397731	0.4552649602	0.4500988083	0.4650501409	0.4584700307	0.4682768759	0.4603025599	0.4561303380	0.4517404489	0.4617164940	0.4604354164	0.4619749615	0.4647379303	0.4433251289	0.4524650094	0.4422371984	0.4557285949	0.4522953238	0.4651733887	0.4546482737	0.4306387592	0.4369873944	0.4415544202	0.4676205006	0.4684943788	0.4600924465	0.4114850725	0.4503501741	0.4598458894	0.4600608185	0.4342374651	0.4556883592	0.4685526048	0.4275083760	0.4602799602	0.4510006847	0.4683249561	0.4570792216	0.4622051124	0.4647765534	0.4632329741	0.4632671565	0.4553173210	0.4652507151	0.4422258711	0.4178051150	0.4592611560	0.4552567194	0.4657100389	0.4504344810	0.4503558567	0.4599457761	0.4226210909	0.4639037148	0.4561108818	0.4727123179	0.4372123716	0.4637335916	0.4356340166	0.4335357352	0.4621561173	0.4479026406	0.4585638481	0.4692632560	0.4685108195	0.4617024889	0.4725969738	0.4687203258	0.4637571355	0.4701306953	0.4779769570	0.4589096512	0.4668307749	0.4707561740	0.4610655762	0.4637795458	0.4437803686	0.4728921005	0.4679735303	0.4748297040	0.4727759729	0.4570283208	0.4622220127	0.4662021283	0.4600208087	0.4582032571	0.4572097000	0.4660872508	0.4656253439	0.4664287714	0.4608196274	0.4678479880	0.4650059406	0.4531466036	0.4593570026	0.4553083118	0.4572813178	0.4674260190	0.4567496572	0.4737951798	0.4652469380	0.4693723760	0.4639193425	0.4564694679	0.4445343148	0.4312874324	0.4545486553	0.4347672137	0.4385389522	0.4705932557	0.4618400072	0.4767360208	0.4577067873	0.4580320639	0.4633199975	0.4679724162	0.4554408270	0.4584581922	0.4621237981	0.4614778942	0.4624229463	0.4520138306	0.4548326530	0.4728987075	0.4444298970
Ind_3	0.4770149393	0.4720185349	0.4698240210	0.0000000000	0.4538754539	0.4694589161	0.4424557435	0.4637131678	0.4443387039	0.4626137464	0.4670491833	0.4650994360	0.4529524199	0.4789240599	0.4416839690	0.4506570815	0.4599121222	0.4684659471	0.4803605899	0.4536894184	0.4579523146	0.4699565295	0.4674338079	0.4643167587	0.4516102387	0.4583537927	0.4485033646	0.4514000259	0.4550118727	0.4655096175	0.4536269011	0.4478090703	0.4655367156	0.4538066475	0.4585923910	0.4599293745	0.4648769325	0.4576471453	0.4769723941	0.4551893315	0.4440466075	0.4743979158	0.4647138885	0.4657463545	0.4661055448	0.4563615034	0.4613099109	0.4542007927	0.4340218212	0.4454542040	0.4431854612	0.4683518577	0.4502585660	0.4529757300	0.4669991052	0.4594985020	0.4474681945	0.4642928574	0.4556960404	0.4705902386	0.4490282654	0.4539120806	0.4509089668	0.4755060079	0.4608137100	0.4561042072	0.4636641010	0.4510772021	0.4562593127	0.4556898444	0.4417470226	0.4685844582	0.4629953041	0.4645467945	0.4623292131	0.4563750924	0.4659796474	0.4525332254	0.4652026109	0.4787234692	0.4623192905	0.4666157485	0.4618931283	0.4660951353	0.4641556156	0.4645500171	0.4666743403	0.4676760922	0.4671243431	0.4608803430	0.4518014645	0.4651114795	0.4557098208	0.4696987271	0.4549109655	0.4692117498	0.4661701527	0.4692143290	0.4650601469	0.4580101932	0.4708404587	0.4633513948	0.4591413169	0.4707870298	0.4633533327	0.4712854237	0.4668296911	0.4608963268	0.4702508207	0.4580853561	0.4624089716	0.4576887763	0.4636259368	0.4591850732	0.4603840138	0.4666364115	0.4634198716	0.4704336658	0.4570106726	0.4597805184	0.4629179988	0.4641197739	0.4715861550	0.4752455574	0.4614121391	0.4588735433	0.4675171752	0.4642958412	0.4640351634	0.4722150278	0.4697369998	0.4581478034	0.4589109556	0.4656655989	0.4555694120	0.4543776508	0.4610250117	0.4730124306	0.4511319831	0.4677363329	0.4812970284	0.4465454844	0.4495211806
Ind_4	0.4726907759	0.4679402780	0.4763706580	0.4538754539	0.0000000000	0.4734091360	0.4444883978	0.4754929103	0.4315469823	0.4478018516	0.4702471120	0.4619374668	0.4582976849	0.4752158518	0.4600819159	0.4473787071	0.4640735467	0.4624549544	0.4750709576	0.4615293933	0.4403328825	0.4653077916	0.4599446056	0.4653022185	0.4567089877	0.4558267172	0.4544369831	0.4595635436	0.4436593096	0.4586229787	0.4528058968	0.4481943924	0.4470920523	0.4514390354	0.4569432847	0.4569378632	0.4544709537	0.4589747069	0.4766109124	0.4711525567	0.4655004479	0.4640886483	0.4681889706	0.4702828291	0.4689994632	0.4496192093	0.4559693466	0.4393820546	0.4141905040	0.4222564222	0.4501987053	0.4738391451	0.4289583200	0.4451180692	0.4553666167	0.4521288267	0.4487487680	0.4617249154	0.4628129393	0.4567870707	0.4631373905	0.4569340954	0.4503847402	0.4734475081	0.4745178018	0.4539293104	0.4775524216	0.4574287164	0.4619152076	0.4557047642	0.4285632957	0.4576732574	0.4590856902	0.4534935193	0.4708210820	0.4512498161	0.4708524806	0.4243495454	0.4650142334	0.4675400169	0.4679860619	0.4551463176	0.4640623258	0.4631078398	0.4611521586	0.4601898314	0.4566543307	0.4561276225	0.4486898397	0.4504945971	0.4636654874	0.4578819963	0.4646188637	0.4736098944	0.4598723806	0.4758661696	0.4652738362	0.4684060451	0.4712955782	0.4546484045	0.4673954319	0.4658757639	0.4658759513	0.4732435691	0.4583554137	0.4676359343	0.4682827800	0.4626585427	0.4609236520	0.4632704551	0.4677751554	0.4556366532	0.4707778334	0.4645660999	0.4665054636	0.4749404141	0.4664489413	0.4692418423	0.4611648657	0.4573452701	0.4626245813	0.4747580310	0.4677536083	0.4687887993	0.4640836984	0.4617237461	0.4656616486	0.4665932470	0.4569312762	0.4756353584	0.4498595963	0.4655818260	0.4556716474	0.4637394906	0.4513092727	0.4598923041	0.4606044422	0.4704043931	0.4481407512	0.4610815203	0.4750531264	0.4530822192	0.4565891166
Ind_5	0.4753780072	0.4705911127	0.4768573974	0.4694589161	0.4734091360	0.0000000000	0.4560309951	0.4772035568	0.4558578173	0.4637462380	0.4816311943	0.4576376079	0.4595014465	0.4795956608	0.4472945237	0.4572419689	0.4744626389	0.4682440939	0.4886758864	0.4695927911	0.4697955374	0.4700928101	0.4749160547	0.4778312415	0.4755097810	0.4775620990	0.4615949963	0.4621829965	0.4708033953	0.4588863578	0.4747579358	0.4607813635	0.4734814963	0.4630820110	0.4706704674	0.4664211289	0.4639438367	0.4766922299	0.4878406001	0.4639724502	0.4650562216	0.4689872108	0.4701924181	0.4709731307	0.4672837182	0.4582388835	0.4632575577	0.4687572405	0.4537364854	0.4672797724	0.4770103970	0.4842158235	0.4639725754	0.4559018692	0.4477431472	0.4585733370	0.4588083503	0.4529326868	0.4668201406	0.4612920554	0.4570401506	0.4434928976	0.4663152034	0.4824677039	0.4597877051	0.4562047083	0.4701435163	0.4710960867	0.4588020364	0.4719436729	0.4474094567	0.4801276159	0.4674222296	0.4785925159	0.4654483132	0.4712218368	0.4715622327	0.4526543183	0.4550056974	0.4785213393	0.4565453773	0.4738805538	0.4804949573	0.4601321949	0.4701178224	0.4746656758	0.4710624690	0.4750317983	0.4740158941	0.4623320466	0.4678430880	0.4623843383	0.4741636314	0.4762790133	0.4687569322	0.4741027888	0.4833019987	0.4792419455	0.4711146324	0.4763474200	0.4831698630	0.4653572413	0.4685627897	0.4700328397	0.4617578806	0.4665824279	0.4727181923	0.4759622873	0.4811901032	0.4686759704	0.4735778142	0.4660511739	0.4859691867	0.4678523875	0.4677019169	0.4796794876	0.4715729227	0.4699837275	0.4827197292	0.4622783273	0.4635747456	0.4630143390	0.4705207074	0.4645439834	0.4727372281	0.4645548944	0.4647491152	0.4675791377	0.4635862987	0.4730989875	0.4722577150	0.4862854744	0.4701838282	0.4751987893	0.4709146316	0.4718223788	0.4741817941	0.4750385720	0.4667863885	0.4663239313	0.4809191561	0.4651392465	0.4571607826
Ind_6	0.4795925004	0.4677143313	0.4694581814	0.4424557435	0.4444883978	0.4560309951	0.0000000000	0.4667189822	0.4499465389	0.4501574025	0.4733958319	0.4652548425	0.4362330115	0.4710076281	0.4543051277	0.4313549536	0.4617203533	0.4631980197	0.4756760491	0.4519124652	0.4439953618	0.4701462104	0.4557198845	0.4685792462	0.4539334282	0.4661452646	0.4550102991	0.4465731967	0.4619917159	0.4424585808	0.4605361741	0.4516502946	0.4704515077	0.4631468221	0.4620043241	0.4596440762	0.4614720656	0.4596732154	0.4826317104	0.4428036511	0.4416083393	0.4695755123	0.4676264431	0.4570679960	0.4729747442	0.4433918920	0.4495528315	0.4624282530	0.4313294966	0.4448347775	0.4553954695	0.4700774868	0.4374360131	0.4477073103	0.4466161250	0.4511540169	0.4397746500	0.4500735523	0.4465635316	0.4546475467	0.4590082011	0.4447300554	0.4397158771	0.4745081871	0.4573438508	0.4541296509	0.4605313505	0.4563549523	0.4618888804	0.4645278266	0.4274674386	0.4711943493	0.4551003071	0.4620747517	0.4644106213	0.4512951217	0.4681027800	0.4391351083	0.4346271932	0.4666993417	0.4370268636	0.4588676931	0.4629397660	0.4363095232	0.4606770700	0.4522341415	0.4627730740	0.4597300385	0.4612729221	0.4548217722	0.4488028303	0.4590565590	0.4573365823	0.4682763430	0.4516219549	0.4671542062	0.4610159457	0.4763956626	0.4615670517	0.4617931673	0.4687632881	0.4582253776	0.4631026680	0.4640495977	0.4643536703	0.4605872097	0.4633941411	0.4727959176	0.4643091245	0.4626924736	0.4596603766	0.4544192830	0.4637488981	0.4550661469	0.4567617684	0.4633371177	0.4653463287	0.4722751342	0.4649806491	0.4633739642	0.4655863639	0.4650458743	0.4662581247	0.4729673767	0.4705254365	0.4549303535	0.4630013677	0.4417649214	0.4346543138	0.4513692155	0.4578118767	0.4681094402	0.4551738289	0.4620728326	0.4669180001	0.4539392556	0.4634143997	0.4679049030	0.4546808018	0.4588096093	0.4799471142	0.4480491376	0.4538277630
Ind_7	0.4505683088	0.4486388368	0.4515748668	0.4637131678	0.4754929103	0.4772035568	0.4667189822	0.0000000000	0.4505824760	0.4483768042	0.4644740930	0.4546488557	0.4596774448	0.4481644824	0.4573362799	0.4570877391	0.4492560997	0.4446322814	0.4406840860	0.4587250798	0.4518197563	0.4561594743	0.4529735658	0.4507628938	0.4455458500	0.4467044436	0.4436233043	0.4398031631	0.4483242196	0.4581231886	0.4484824125	0.4341533008	0.4492610938	0.4417425046	0.4367532375	0.4410410272	0.4458094608	0.4576077359	0.4634875158	0.4430858668	0.4430325202	0.4513866217	0.4573114978	0.4619481299	0.4439125714	0.4474720456	0.4461149715	0.4571754743	0.4334221415	0.4516313524	0.4507687341	0.4606430404	0.4541805160	0.4497096768	0.4583040283	0.4580072749	0.4450747137	0.4544650881	0.4435176269	0.4585146504	0.4556038739	0.4529764158	0.4491875389	0.4458207831	0.3830515656	0.4542551899	0.4301446846	0.4393618841	0.4381584546	0.4577940139	0.4119787566	0.4592945948	0.4552597867	0.4536731042	0.4497152709	0.4614519211	0.4506106369	0.4290030167	0.4578594118	0.4465164127	0.4613264123	0.4602768344	0.4649698430	0.4623290349	0.4583147977	0.4588555952	0.4552084105	0.4613054840	0.4672342705	0.4559474710	0.4674110189	0.4610143752	0.4512597338	0.4050131334	0.4412940926	0.4409841792	0.4586741368	0.4470455794	0.4502799593	0.4527803818	0.4521442326	0.4470922397	0.4453854913	0.4477464390	0.4461166016	0.4551145093	0.4495597270	0.4462414805	0.4543476034	0.4645550073	0.4536484718	0.4456244986	0.4501869196	0.4446985669	0.4490633589	0.4558931759	0.4503330982	0.4616790314	0.4534440399	0.4542413895	0.4552164648	0.4181937060	0.4482953365	0.4474608872	0.4438220045	0.4410470969	0.4520317341	0.4659437546	0.4586859598	0.4661261224	0.4514051210	0.4466030914	0.4508844566	0.4604529345	0.4432384511	0.4410501219	0.4522592402	0.4549166523	0.4458212617	0.4497703103	0.4537103815	0.4547300319	0.4232036066
Ind_8	0.4692408317	0.4563668315	0.4595747411	0.4443387039	0.4315469823	0.4558578173	0.4499465389	0.4505824760	0.0000000000	0.4322441864	0.4487608000	0.4384468655	0.4490495524	0.4626752694	0.4339761441	0.4317741614	0.4431352547	0.4534925887	0.4605192484	0.4552872195	0.4314680830	0.4510116631	0.4378837282	0.4388147383	0.4480854972	0.4441635419	0.4372635263	0.4430660855	0.4318918652	0.4440770323	0.4325711437	0.4259280967	0.4359941338	0.4327058543	0.4400870990	0.4392315704	0.4429166702	0.4371816302	0.4596185483	0.4434113142	0.4488200819	0.4451047909	0.4429906672	0.4616761341	0.4614253824	0.4244639364	0.4465287516	0.4082147129	0.3983684753	0.4007588306	0.4367857020	0.4535683616	0.4386684254	0.4463398667	0.4388755219	0.4326896683	0.4217027434	0.4295225966	0.4198868502	0.4349268881	0.4295934506	0.4465173516	0.4330305305	0.4498263504	0.4463784880	0.4362024435	0.4517578778	0.4382097113	0.4250343588	0.4463653614	0.4195818638	0.4491693202	0.4250317873	0.4475106713	0.4405653150	0.4473347656	0.4491172794	0.3932892442	0.4367490449	0.4565818792	0.4462385675	0.4382162189	0.4443811270	0.4556036466	0.4363581338	0.4479469516	0.4404363132	0.4395424248	0.4122107118	0.4344377422	0.4375064991	0.4520993787	0.4450285803	0.4604202317	0.4405422468	0.4571971924	0.4455328983	0.4526410664	0.4577606481	0.4466122788	0.4532963432	0.4425630094	0.4413945123	0.4524348194	0.4427144565	0.4402634184	0.4489733495	0.4439942394	0.4435108379	0.4509897358	0.4390367622	0.4235267852	0.4488282449	0.4394717151	0.4416893590	0.4541097964	0.4386141081	0.4547285118	0.4445261132	0.4462934296	0.4427396981	0.4352758181	0.4564663963	0.4525253017	0.4416574419	0.4429035388	0.4481002782	0.4522604098	0.4233582772	0.4606109977	0.4374922634	0.4441142785	0.4329340601	0.4460640662	0.4304607655	0.4450881972	0.4547929950	0.4508101260	0.4463089531	0.4460831294	0.4639768416	0.4410077648	0.4273551651
Ind_9	0.4672229352	0.4585188317	0.4624903517	0.4626137464	0.4478018516	0.4637462380	0.4501574025	0.4483768042	0.4322441864	0.0000000000	0.4623370993	0.4485899745	0.4505701620	0.4691397929	0.4578404625	0.4328388164	0.4524917585	0.4613255605	0.4769483532	0.4501072405	0.4428229280	0.4473501068	0.4346374980	0.4445576532	0.4426025887	0.4342747868	0.4461199599	0.4472545439	0.4402044451	0.4532937108	0.4418485143	0.4304486091	0.4514406247	0.4386819517	0.4452316064	0.4465042160	0.4503937050	0.4417271887	0.4706374382	0.4496918474	0.4583608478	0.4471158349	0.4465161609	0.4545192124	0.4591407964	0.4230052245	0.4475866384	0.4340517312	0.3938725065	0.4301843625	0.4382265943	0.4563459898	0.4437146625	0.4388217240	0.4371742470	0.4330470142	0.4289635604	0.4421596284	0.4264687150	0.4336989130	0.4537713078	0.4477175384	0.4472128191	0.4559316985	0.4520496283	0.4398990488	0.4546320480	0.4375901073	0.4406972766	0.4401947503	0.4155141874	0.4514061612	0.4394326834	0.4541037938	0.4484711012	0.4468118386	0.4617793005	0.4290247213	0.4445194168	0.4644963745	0.4571142128	0.4410725991	0.4481300729	0.4530257741	0.4379322188	0.4454535971	0.4460719561	0.4422346033	0.4410514265	0.4503319484	0.4578193959	0.4373054167	0.4426166484	0.4583533567	0.4452408040	0.4653328031	0.4437477176	0.4597179644	0.4513104256	0.4451598262	0.4472968125	0.4429918654	0.4360941718	0.4471933943	0.4440831803	0.4428521186	0.4540699884	0.4469967228	0.4447684726	0.4434724402	0.4514630971	0.4326145714	0.4484207595	0.4357494540	0.4359890825	0.4509869014	0.4389492143	0.4460578949	0.4494377305	0.4418460674	0.4520794725	0.4425049198	0.4610691159	0.4574216905	0.4494404934	0.4531255805	0.4613154739	0.4559547868	0.4452421658	0.4614464614	0.4490646700	0.4484118745	0.4416118148	0.4495707836	0.4414353683	0.4562119969	0.4605746808	0.4739606345	0.4587762386	0.4618421486	0.4736955593	0.4568623925	0.4436093997
Ind_10	0.4668278611	0.4595406541	0.4549304432	0.4670491833	0.4702471120	0.4816311943	0.4733958319	0.4644740930	0.4487608000	0.4623370993	0.0000000000	0.4190939776	0.4581491384	0.4517927224	0.4559364669	0.4445794899	0.4508078894	0.4532241552	0.4695373207	0.4658378446	0.4481410049	0.4601449322	0.4567558033	0.4540636748	0.4502996129	0.4583509393	0.4515289498	0.4361997134	0.4479771798	0.4626631912	0.4539422984	0.4523160788	0.4612583606	0.4587454967	0.4520176969	0.4498932661	0.4669897077	0.4505030723	0.4656745218	0.4549767791	0.4539927413	0.4509338964	0.4616988709	0.4582009005	0.4523855407	0.4465322647	0.4499330206	0.4640846208	0.4242362340	0.4405986072	0.4522110520	0.4601876695	0.4539126265	0.4400145840	0.4508234703	0.4497671729	0.4542754041	0.4414027993	0.4615051228	0.4441720028	0.4427519084	0.4508784129	0.4536870165	0.4504676085	0.4646144448	0.4562609120	0.4579130371	0.4428858322	0.4558389158	0.4546462537	0.4233626791	0.4545597100	0.4545322366	0.4567462760	0.4504814952	0.4584509484	0.4515201053	0.4402242792	0.4479583542	0.4684447390	0.4536631258	0.4603422846	0.4532655557	0.4663572349	0.4584189865	0.4568285278	0.4610472012	0.4618391790	0.4704897162	0.4542449111	0.4581450435	0.4598319871	0.4556971327	0.4609924132	0.4538627700	0.4734404421	0.4605762651	0.4638383336	0.4619437196	0.4513760326	0.4573283613	0.4580566083	0.4511977147	0.4600358801	0.4545838037	0.4599244978	0.4580171534	0.4660882910	0.4462740048	0.4667513550	0.4563872766	0.4516271069	0.4585254025	0.4456296564	0.4570140611	0.4635570350	0.4568900559	0.4724434323	0.4659256437	0.4591267816	0.4554794990	0.4576740101	0.4559351975	0.4562576322	0.4534081836	0.4539572804	0.4602490806	0.4549574515	0.4515203049	0.4565220763	0.4533219110	0.4478431770	0.4569988591	0.4526501993	0.4545290518	0.4516114505	0.4541404249	0.4578726225	0.4518108906	0.4546546387	0.4627197823	0.4530105927	0.4502028341
Ind_11	0.4558303446	0.4436606747	0.4433966646	0.4650994360	0.4619374668	0.4576376079	0.4652548425	0.4546488557	0.4384468655	0.4485899745	0.4190939776	0.0000000000	0.4437854754	0.4461873687	0.4454027517	0.4402538061	0.4345927134	0.4522413622	0.4609261864	0.4480215719	0.4422481458	0.4514404043	0.4583706628	0.4519046381	0.4549064911	0.4572897956	0.4541918613	0.4447134321	0.4593942203	0.4554983034	0.4557423864	0.4486015752	0.4542494217	0.4466403107	0.4484816361	0.4510652554	0.4602408431	0.4525380675	0.4539191189	0.4425563373	0.4339382070	0.4546830111	0.4602649805	0.4370067973	0.4279410445	0.4300962470	0.4480832410	0.4450110462	0.4230109760	0.4413807142	0.4487494835	0.4591130268	0.4476105158	0.4407822657	0.4466219608	0.4389442891	0.4351833860	0.4254780350	0.4331919850	0.4409618457	0.4274384530	0.4477435925	0.4338951524	0.4433675312	0.4539682783	0.4538820217	0.4486407000	0.4415747519	0.4465779030	0.4611057036	0.4264150125	0.4539128088	0.4421117552	0.4602909889	0.4487866818	0.4622531209	0.4518231380	0.4359012476	0.4468118423	0.4428909985	0.4449060409	0.4541961973	0.4612703779	0.4621686207	0.4549611168	0.4546934692	0.4573015750	0.4552103561	0.4545742310	0.4561642521	0.4420224034	0.4534125836	0.4517486470	0.4600194697	0.4488842700	0.4637931339	0.4576659007	0.4615875521	0.4588768711	0.4491223972	0.4511093396	0.4534317265	0.4560970801	0.4632119045	0.4411669949	0.4588834251	0.4558606932	0.4624409099	0.4485114404	0.4680238531	0.4484815013	0.4407026685	0.4576994075	0.4521949353	0.4500451175	0.4659342127	0.4478454077	0.4588604066	0.4490635204	0.4590902805	0.4543392678	0.4458228539	0.4463442503	0.4473439505	0.4434959053	0.4499289982	0.4492031826	0.4389803331	0.4418159953	0.4615550828	0.4555770681	0.4619340809	0.4425700500	0.4594591008	0.4474732807	0.4401251314	0.4520969597	0.4494024160	0.4394930452	0.4466910899	0.4514648104	0.4452523517	0.4372287671
Ind_12	0.4722073589	0.4608775369	0.4692691508	0.4529524199	0.4582976849	0.4595014465	0.4362330115	0.4596774448	0.4490495524	0.4505701620	0.4581491384	0.4437854754	0.0000000000	0.4583878577	0.4439603912	0.4369829534	0.4593103888	0.4650059963	0.4755161747	0.4489063103	0.4405064845	0.4690750803	0.4556562251	0.4613505454	0.4688418457	0.4635735627	0.4570712552	0.4518615617	0.4600236190	0.4564283397	0.4713560412	0.4536081890	0.4644761660	0.4565793315	0.4589403977	0.4659046647	0.4626440620	0.4632959914	0.4790495737	0.4517353875	0.4557271418	0.4600455371	0.4618173319	0.4474988952	0.4661113549	0.4393941072	0.4452376212	0.4574003785	0.4365110277	0.4494935143	0.4486141176	0.4764707324	0.4470070971	0.4427123121	0.4423243805	0.4494770352	0.4426248858	0.4458627394	0.4437917394	0.4470376902	0.4425255279	0.4430715562	0.4454218336	0.4685225908	0.4565357538	0.4635296080	0.4599137672	0.4490888181	0.4568003033	0.4599290097	0.4319319384	0.4633896336	0.4490411956	0.4753844481	0.4531947977	0.4664445260	0.4657578956	0.4322123463	0.4584936329	0.4667211265	0.4449626168	0.4658716797	0.4631765227	0.4524591034	0.4644379561	0.4575428740	0.4701935275	0.4668504622	0.4616915191	0.4593072187	0.4546563223	0.4526283733	0.4571045684	0.4655174464	0.4517213636	0.4713353119	0.4648825378	0.4738642259	0.4582001157	0.4558960222	0.4715522797	0.4605702536	0.4636800456	0.4685132387	0.4664834095	0.4700124082	0.4698624168	0.4652871722	0.4662446000	0.4627227300	0.4636578651	0.4596994383	0.4727976004	0.4638055821	0.4570558860	0.4713781104	0.4633988508	0.4746629411	0.4638159710	0.4628547823	0.4590178401	0.4580007660	0.4650461906	0.4678724036	0.4614735090	0.4662451670	0.4652396314	0.4446973436	0.4424074945	0.4570261662	0.4575905284	0.4652424530	0.4625713651	0.4589338388	0.4546617975	0.4565882894	0.4575721747	0.4669536369	0.4522798064	0.4571660457	0.4770663146	0.4493957344	0.4598676953
Ind_13	0.4543762449	0.4609677916	0.4641378609	0.4789240599	0.4752158518	0.4795956608	0.4710076281	0.4481644824	0.4626752694	0.4691397929	0.4517927224	0.4461873687	0.4583878577	0.0000000000	0.4685529698	0.4699349545	0.4574763157	0.4316046646	0.4515110143	0.4689757040	0.4534656558	0.4681679877	0.4681164199	0.4712285463	0.4670683644	0.4685928477	0.4585506956	0.4542756025	0.4618385900	0.4636284449	0.4717540663	0.4647319247	0.4719268565	0.4608958602	0.4558553287	0.4609968172	0.4684334424	0.4682335376	0.4636662148	0.4450220758	0.4449373972	0.4656594163	0.4727470480	0.4557535466	0.4530088443	0.4533228635	0.4617108123	0.4779891182	0.4508525824	0.4596648048	0.4601058766	0.4743961727	0.4727035958	0.4634209801	0.4691133591	0.4557136403	0.4598084637	0.4687384445	0.4640907004	0.4682786505	0.4586360856	0.4640435262	0.4567259206	0.4445370182	0.4593304752	0.4603544175	0.4665058515	0.4461612325	0.4607613058	0.4746051334	0.4144982927	0.4733791874	0.4699852542	0.4717720670	0.4474888881	0.4784123792	0.4545161154	0.4305580387	0.4556006277	0.4413341690	0.4612571260	0.4688958782	0.4756849500	0.4634815236	0.4711115668	0.4694819064	0.4691113869	0.4697241019	0.4761516101	0.4626545498	0.4700642697	0.4620640084	0.4675295558	0.4616865322	0.4661877970	0.4792857348	0.4776073325	0.4708029130	0.4687460344	0.4565173189	0.4622581519	0.4757495674	0.4735665131	0.4751701063	0.4716320317	0.4733289536	0.4736098598	0.4813281409	0.4684133584	0.4778020375	0.4705550849	0.4706843133	0.4739098543	0.4688347172	0.4646923817	0.4711661342	0.4642519290	0.4768598341	0.4693251868	0.4729149386	0.4648608127	0.4643940934	0.4498263120	0.4459446084	0.4621362379	0.4450484075	0.4463490015	0.4651613592	0.4660550291	0.4736382927	0.4678397454	0.4645930503	0.4656923873	0.4712472274	0.4647012627	0.4498759839	0.4500335203	0.4570999523	0.4493446601	0.4545891059	0.4414553721	0.4694052866	0.4612120815
Ind_14	0.4769009738	0.4651272267	0.4627091706	0.4416839690	0.4600819159	0.4472945237	0.4543051277	0.4573362799	0.4339761441	0.4578404625	0.4559364669	0.4454027517	0.4439603912	0.4685529698	0.0000000000	0.4464424438	0.4524218725	0.4602068589	0.4753445312	0.4675343705	0.4496136162	0.4731444603	0.4559024194	0.4585819534	0.4611502763	0.4567848050	0.4465453429	0.4418234993	0.4535382789	0.4507331126	0.4576600661	0.4455437940	0.4568605065	0.4564875335	0.4535326332	0.4468219922	0.4524385371	0.4517693010	0.4702604182	0.4521938177	0.4466895817	0.4618692889	0.4656151839	0.4584083096	0.4612518745	0.4404255577	0.4477291326	0.4455222108	0.4270776614	0.4348822778	0.4422537032	0.4684751257	0.4442028238	0.4467618856	0.4455024184	0.4388496047	0.4368275230	0.4477131332	0.4409285124	0.4592037628	0.4319786775	0.4475694333	0.4533080692	0.4611644339	0.4594258815	0.4397557732	0.4630184521	0.4441621262	0.4513719905	0.4558350835	0.4288602407	0.4608377311	0.4501719985	0.4566518438	0.4541283636	0.4627040800	0.4612382331	0.4350403027	0.4311591749	0.4663052282	0.4449128036	0.4610089696	0.4582165669	0.4631454336	0.4522013687	0.4520849902	0.4619186849	0.4618922396	0.4531009011	0.4524507029	0.4510803480	0.4536264438	0.4540827144	0.4619490692	0.4469017113	0.4675696206	0.4654576236	0.4647007114	0.4591011054	0.4466603774	0.4694159498	0.4531901351	0.4560698121	0.4599458456	0.4488160009	0.4503708376	0.4622549704	0.4579863972	0.4578858509	0.4513378850	0.4488977141	0.4475960590	0.4591104990	0.4510350794	0.4539422975	0.4682350685	0.4597290538	0.4692829512	0.4594538909	0.4672481389	0.4622038290	0.4605888709	0.4649883707	0.4664993116	0.4501446226	0.4621367901	0.4593687469	0.4654346395	0.4414205145	0.4653979871	0.4535536702	0.4541727669	0.4530723348	0.4623826331	0.4471584744	0.4650418927	0.4667940446	0.4616530724	0.4496561570	0.4584385316	0.4701331998	0.4477714715	0.4416462449
Ind_15	0.4747486306	0.4651321262	0.4679359202	0.4506570815	0.4473787071	0.4572419689	0.4313549536	0.4570877391	0.4317741614	0.4328388164	0.4445794899	0.4402538061	0.4369829534	0.4699349545	0.4464424438	0.0000000000	0.4567667716	0.4558135262	0.4738706688	0.4404653113	0.4421723526	0.4650519916	0.4422444537	0.4482959946	0.4407972124	0.4544634280	0.4457717955	0.4353798820	0.4314107169	0.4522637865	0.4413593216	0.4445028080	0.4506100032	0.4471022646	0.4472862905	0.4535793991	0.4489040399	0.4484802291	0.4772407437	0.4475045175	0.4362418143	0.4565798273	0.4552224154	0.4512784145	0.4747387061	0.4108141699	0.4491652606	0.4381911116	0.4082375414	0.4354252505	0.4384675872	0.4730282384	0.4317215269	0.4241975316	0.4297974343	0.4378576722	0.4192052772	0.4222694969	0.4381357742	0.4190137428	0.4434970789	0.4237565189	0.4327153722	0.4691912231	0.4536027573	0.4356950478	0.4577801660	0.4493634402	0.4439203624	0.4528874578	0.4225661613	0.4549204118	0.4388094223	0.4450121795	0.4565124556	0.4478758864	0.4576785076	0.4314729230	0.4383682062	0.4664513329	0.4357415956	0.4542421561	0.4497604687	0.4474238087	0.4392607322	0.4487598120	0.4536542888	0.4557166390	0.4478169794	0.4390512745	0.4547503733	0.4476219864	0.4510508248	0.4641568608	0.4440749469	0.4682361683	0.4562430112	0.4650790336	0.4571177574	0.4429530007	0.4654895372	0.4463062286	0.4448853065	0.4536255603	0.4455680204	0.4452591071	0.4553088127	0.4520062265	0.4513793392	0.4488265149	0.4528328342	0.4453507778	0.4578582878	0.4413612737	0.4499996700	0.4628248062	0.4490424445	0.4702032864	0.4523127451	0.4503497821	0.4464339873	0.4500605392	0.4603761684	0.4632833590	0.4579418921	0.4512249270	0.4559652991	0.4343098845	0.4257000523	0.4486493689	0.4400705707	0.4482506062	0.4541110028	0.4544365395	0.4432419157	0.4477961221	0.4432006989	0.4536295788	0.4374748131	0.4434866990	0.4698662347	0.4336198603	0.4519961751
Ind_16	0.4261729742	0.4093937343	0.4159966430	0.4599121222	0.4640735467	0.4744626389	0.4617203533	0.4492560997	0.4431352547	0.4524917585	0.4508078894	0.4345927134	0.4593103888	0.4574763157	0.4524218725	0.4567667716	0.0000000000	0.4483419996	0.4338813564	0.4518506168	0.4383301689	0.4542563654	0.4514240954	0.4437659203	0.4522650241	0.4442534482	0.4348140591	0.4552399549	0.4373496683	0.4559408706	0.4539118346	0.4415046678	0.4468061542	0.4246459984	0.4447862762	0.4357673531	0.4492194289	0.4445636144	0.4282467671	0.4351826792	0.4279135027	0.4498227079	0.4641773175	0.4567550055	0.4054470417	0.4463215464	0.4503078785	0.4552764409	0.4265427457	0.4468630069	0.4507119433	0.4338329814	0.4514825301	0.4539924032	0.4577558003	0.4485371743	0.4448683380	0.4558606551	0.4580188436	0.4588896368	0.4491224713	0.4537319595	0.3936864467	0.4086956462	0.4487468400	0.4521217208	0.4541315606	0.4327438615	0.4394902342	0.4516791116	0.4235026755	0.4530948225	0.4520763945	0.4506955425	0.3856682695	0.4617626950	0.4349232092	0.4258586711	0.4505976714	0.4394896286	0.4639489879	0.4658146872	0.4530027557	0.4640712811	0.4697116686	0.4531035938	0.4616920235	0.4668860119	0.4623598152	0.4508485518	0.4664025545	0.4545680984	0.4603556053	0.4645733978	0.4219221653	0.4648979631	0.4643562411	0.4590699933	0.4668704779	0.4402186395	0.4585166884	0.4401966682	0.4431767882	0.4508930628	0.4352196971	0.4492004562	0.4422140898	0.4553876224	0.4518315137	0.4526457217	0.4408950010	0.4331949100	0.4481531909	0.4411374046	0.4405529974	0.4490693679	0.4379989986	0.4688637138	0.4479845578	0.4617938279	0.4547770470	0.4488403371	0.4384333115	0.4276043412	0.4420611471	0.4211871890	0.4265598648	0.4655886458	0.4638567842	0.4722740688	0.4469305869	0.4423808378	0.4495906840	0.4499630702	0.4496613256	0.4407751212	0.4548524481	0.4485704083	0.4488135398	0.4502397045	0.4462331404	0.4580390365	0.4404167359
Ind_17	0.4232960294	0.4436749581	0.4419438141	0.4684659471	0.4624549544	0.4682440939	0.4631980197	0.4446322814	0.4534925887	0.4613255605	0.4532241552	0.4522413622	0.4650059963	0.4316046646	0.4602068589	0.4558135262	0.4483419996	0.0000000000	0.4245828764	0.4338618687	0.4517890253	0.4612581599	0.4704265206	0.4674518840	0.4646633457	0.4519687999	0.4452313889	0.4569599892	0.4600489953	0.4522329567	0.4597767453	0.4514525288	0.4617574303	0.4483527391	0.4582765286	0.4547677065	0.4604947032	0.4605565378	0.4524350381	0.4377985604	0.4271532843	0.4616610539	0.4591620588	0.4578732656	0.4384561294	0.4415939907	0.4516063632	0.4538377145	0.4389607789	0.4509259131	0.4661863252	0.4576565721	0.4562462873	0.4479632086	0.4581558557	0.4506217589	0.4564105257	0.4626402857	0.4509827150	0.4575377436	0.4488258463	0.4546525235	0.4521067182	0.4405962029	0.4425907937	0.4534565009	0.4631998168	0.4425872150	0.4526882694	0.4712292887	0.4051635871	0.4696226212	0.4563041858	0.4608393423	0.4369394700	0.4705786816	0.4431222926	0.4135264491	0.4673615483	0.4341181609	0.4621388531	0.4623926241	0.4789198158	0.4548335668	0.4704666831	0.4677416927	0.4668656891	0.4633393770	0.4747504918	0.4640043485	0.4527777609	0.4557057130	0.4558166251	0.4538622800	0.4478250713	0.4670142499	0.4671545998	0.4598645919	0.4640495156	0.4530074432	0.4326479793	0.4654872516	0.4675579080	0.4663988738	0.4633350252	0.4585217611	0.4636448307	0.4684086337	0.4626239637	0.4719611515	0.4684909169	0.4629189931	0.4722187720	0.4605290693	0.4653706295	0.4724530874	0.4650317302	0.4704681053	0.4636192425	0.4611473531	0.4602774568	0.4565468615	0.4437004998	0.4461703159	0.4561282326	0.4329034051	0.4404652899	0.4636970316	0.4597284770	0.4726036433	0.4639155371	0.4612410465	0.4677528527	0.4614605564	0.4579754177	0.4445203696	0.4430437447	0.4546842000	0.4493777260	0.4482619961	0.4361532159	0.4663383879	0.4375783048
Ind_18	0.4225457845	0.4361534768	0.4374397731	0.4803605899	0.4750709576	0.4886758864	0.4756760491	0.4406840860	0.4605192484	0.4769483532	0.4695373207	0.4609261864	0.4755161747	0.4515110143	0.4753445312	0.4738706688	0.4338813564	0.4245828764	0.0000000000	0.4510373120	0.4633903366	0.4751207140	0.4701952868	0.4719684022	0.4698276531	0.4679500519	0.4651726437	0.4777964050	0.4665202642	0.4657956666	0.4719904797	0.4656914157	0.4700276462	0.4605032863	0.4708878359	0.4669218742	0.4652459622	0.4738116153	0.4236583572	0.4232069262	0.4349849062	0.4689360771	0.4820919169	0.4699266174	0.4314955282	0.4665578729	0.4692678228	0.4687031508	0.4582676859	0.4638756539	0.4792349039	0.4614261772	0.4670153754	0.4694191390	0.4733049307	0.4630554605	0.4716804926	0.4647762706	0.4630237378	0.4702393880	0.4595128049	0.4823935660	0.4573201596	0.4303007805	0.4581869238	0.4730986365	0.4762562498	0.4649111960	0.4692368763	0.4817304407	0.4054928916	0.4751053218	0.4707174271	0.4739928320	0.4327784681	0.4810341285	0.4482197482	0.4187677486	0.4753789104	0.4306506140	0.4760995182	0.4789163242	0.4787121153	0.4694307853	0.4783529319	0.4719831227	0.4809340398	0.4801057563	0.4857794267	0.4713303478	0.4701239645	0.4781511978	0.4824397825	0.4642444499	0.4402923387	0.4829894210	0.4853909073	0.4709975220	0.4815111251	0.4708897140	0.4703674986	0.4742279023	0.4695279476	0.4736210430	0.4730840959	0.4770512008	0.4694565801	0.4771138949	0.4730468750	0.4798218031	0.4772160422	0.4735639667	0.4775920646	0.4684603594	0.4675365636	0.4804362242	0.4737702693	0.4876924636	0.4765495778	0.4835019264	0.4722581692	0.4714308893	0.4417771169	0.4486851987	0.4708391196	0.4314071677	0.4466608472	0.4857256149	0.4649548589	0.4807984082	0.4684920089	0.4708491955	0.4664149577	0.4803996524	0.4712205535	0.4437346452	0.4551526632	0.4523517944	0.4513260357	0.4533514090	0.4362322443	0.4741870435	0.4489861426
Ind_19	0.4385285805	0.4526623978	0.4552649602	0.4536894184	0.4615293933	0.4695927911	0.4519124652	0.4587250798	0.4552872195	0.4501072405	0.4658378446	0.4480215719	0.4489063103	0.4689757040	0.4675343705	0.4404653113	0.4518506168	0.4338618687	0.4510373120	0.0000000000	0.4461108402	0.4738022912	0.4628595012	0.4635230539	0.4523273770	0.4543582840	0.4544936258	0.4605417806	0.4516312838	0.4520339729	0.4646455230	0.4519745300	0.4543481643	0.4471678007	0.4494038447	0.4624816443	0.4562066848	0.4562242487	0.4592932451	0.4432791336	0.4268603673	0.4696783677	0.4672386350	0.4603621719	0.4543629456	0.4288229734	0.4495848432	0.4617122500	0.4310022376	0.4610655483	0.4542187783	0.4592232980	0.4363905946	0.4592341544	0.4471410730	0.4509084807	0.4458274601	0.4494440806	0.4525895113	0.4497924317	0.4435040185	0.4406008784	0.4468610689	0.4569378504	0.4475092359	0.4593553687	0.4623757216	0.4547893920	0.4539990545	0.4645001370	0.4308163167	0.4642721758	0.4517239436	0.4654584563	0.4413644492	0.4659790537	0.4586307898	0.4341724486	0.4612611712	0.4543433492	0.4394564765	0.4789954299	0.4629005034	0.4531105724	0.4606033089	0.4599713184	0.4704351643	0.4802173721	0.4676026116	0.4535667122	0.4642561234	0.4600091774	0.4627837239	0.4777463020	0.4455636219	0.4705249877	0.4656760432	0.4755888468	0.4621059183	0.4538561641	0.4609028656	0.4627281287	0.4607707679	0.4669933851	0.4545901390	0.4609014541	0.4589262021	0.4680956015	0.4678897066	0.4583211670	0.4631355552	0.4575656281	0.4677468888	0.4507850334	0.4498809789	0.4611489004	0.4699875800	0.4784210848	0.4659678112	0.4642371793	0.4627783176	0.4581300791	0.4562040139	0.4564190781	0.4628317346	0.4495851866	0.4571402991	0.4443193847	0.4511007466	0.4676937433	0.4559496773	0.4674671110	0.4536237096	0.4580988826	0.4531405235	0.4499982284	0.4515094481	0.4542926367	0.4388956080	0.4552587786	0.4598434113	0.4455221504	0.4443528404
Ind_20	0.4603670214	0.4462261323	0.4500988083	0.4579523146	0.4403328825	0.4697955374	0.4439953618	0.4518197563	0.4314680830	0.4428229280	0.4481410049	0.4422481458	0.4405064845	0.4534656558	0.4496136162	0.4421723526	0.4383301689	0.4517890253	0.4633903366	0.4461108402	0.0000000000	0.4403645086	0.4369174804	0.4478177527	0.4430898992	0.4377639487	0.4378154550	0.4378191254	0.4345559766	0.4543466648	0.4466787961	0.4419079879	0.4408983612	0.4349344529	0.4436804025	0.4447166795	0.4456968594	0.4458905793	0.4653404735	0.4491366387	0.4430970653	0.4221506941	0.4376183557	0.4555419406	0.4526998831	0.4370068789	0.4430694618	0.4416194578	0.4102015306	0.4289882276	0.4418776344	0.4521697393	0.4321553517	0.4311901310	0.4445679417	0.4426546275	0.4346697740	0.4436797389	0.4401148064	0.4393061281	0.4465707377	0.4437850443	0.4395089767	0.4589850925	0.4566659806	0.4360698715	0.4485634096	0.4293242737	0.4462448693	0.4518905448	0.4180617822	0.4511760241	0.4386508326	0.4428698686	0.4475675284	0.4421302061	0.4547741109	0.4107907460	0.4458417427	0.4517365227	0.4470633519	0.4463880247	0.4498908647	0.4442947550	0.4388568613	0.4497663261	0.4488778673	0.4480090708	0.4357038495	0.4463455641	0.4577556884	0.4490811876	0.4424862606	0.4406765482	0.4500648604	0.4621827899	0.4450369927	0.4558074763	0.4436754273	0.4385162033	0.4485196232	0.4526809568	0.4441058774	0.4650579006	0.4468299453	0.4559998434	0.4551499600	0.4543435378	0.4495226041	0.4446970054	0.4483344581	0.4444342232	0.4574321010	0.4488312724	0.4492000057	0.4606413444	0.4544973661	0.4534889104	0.4470673887	0.4394407981	0.4277249755	0.4542715616	0.4530457120	0.4473124248	0.4537104272	0.4467253559	0.4487911147	0.4471054207	0.4303164235	0.4609238976	0.4390180534	0.4456822679	0.4505518888	0.4501325549	0.4446477154	0.4426315636	0.4501418951	0.4479877169	0.4415335126	0.4470563422	0.4611783307	0.4414611073	0.4422863622
